14.556
4.451
6.657
14.278
13.876
11.737
2.305
3.302
2.306
2.66
2.493
5.008
2.548
3.254
2.12
2.244
5.788
5.741
1.972
2.879
2.608
3.041
3.993
3.382
7.072
6.129
5.083
12.442
3.734
12.88
12.072
10.844
4.992
2.238
4.019
16.355
2.666
12.677
3.508
5.927
6.438
2.784
2.955
3.534
2.603
7.371
2.667
2.045
6.409
5.095
3.857
2.32
2.925
1.991
2.795
8.82
2.467
2.93
2.024
6.537
2.468
2.597
11.508
2.275
2.694
2.555
2.164
5.549
10.104
2.232
2.698
3.592
5.919
10.908
1.951
3.144
2.576
2.149
6.346
1.769
2.623
9.012
2.959
2.547
1.685
3.676
1.824
2.411
2.437
2.649
1.791
9.191
3.335
15.233
2.977
3.647
2.375
3.66
0.0
5.75
7.082
5.387
3.107
2.81
11.788
2.614
2.703
13.011
12.91
3.305
4.531
0.0
2.868
12.214
4.153
2.579
2.967
4.494
1.515
3.345
3.5
4.899
3.529
3.635
4.273
13.401
2.573
3.979
7.401
2.741
5.785
2.568
2.696
2.285
3.118
2.698
7.487
1.653
2.619
4.529
2.204
2.627
2.766
2.654
2.836
3.63
11.449
3.168
3.653
8.594
11.217
2.603
11.56
2.828
4.62
2.611
15.51
2.801
2.648
16.355
2.736
9.843
3.739
2.118
5.803
12.942
5.524
3.804
9.737
7.122
2.721
8.76
4.575
14.476
8.711
2.874
12.077
2.964
3.512
1.514
12.045
3.087
10.089
2.327
3.419
1.876
3.106
2.537
3.295
9.928
5.651
6.025
2.036
2.18
3.318
3.463
3.158
2.792
2.45
15.81
2.799
3.869
3.462
3.398
10.341
0.212
2.072
1.631
10.286
2.725
3.578
2.849
2.109
9.407
2.421
2.185
11.838
8.055
10.326
3.1
2.39
2.375
8.372
2.131
12.166
5.296
8.657
6.981
2.852
8.252
3.447
2.228
2.304
6.501
11.794
8.568
1.691
2.957
8.766
7.389
1.432
2.607
2.241
1.765
16.264
2.981
5.048
6.803
3.439
5.392
2.442
10.632
2.769
6.903
5.264
7.174
1.627
1.586
2.55
2.609
2.429
2.577
3.137
4.913
2.65
11.884
2.482
1.835
2.506
3.202
2.711
3.6
8.076
